 1 
 1 
 10 
 5 
 5 
 
 
 
0 1440 0 0 
0 1440 0 0 
1041.3406981 1131.41445067 90.0737525691 67.443359642
614.887173964 713.526986717 98.639812753 66.1929227054
1076.52088758 1138.24716976 61.7262821827 23.1710116587
1030.22407377 1117.60103741 87.3769636467 68.9163202171
1050.9500128 1145.66309292 94.7130801204 67.443359642
991.50492912 1030.52134973 39.0164206097 32.7577999499
810.889772699 869.006065337 58.1162926382 39.2047696165
422.731159885 461.836532154 39.1053722685 10.3510712188
670.73988342 712.780426294 42.0405428739 34.0984245427
455.708292148 557.119242622 101.410950473 67.443359642
 
 
 
 0.0 0.0 62.3274237435 7.95573322638 18.3360509473 64.3732626621 18.3360509473 38.9556814025 15.5925095055 7.95573322638 38.9556814025 62.3274237435
 0.0 0.0 62.3274237435 7.95573322638 18.3360509473 64.3732626621 18.3360509473 38.9556814025 15.5925095055 7.95573322638 38.9556814025 62.3274237435
 18.3360509473 18.3360509473 67.443359642 25.3162793617 0.0 67.6067590617 0.0 49.802488461 19.4824213262 25.3162793617 49.802488461 67.443359642
 62.3274237435 62.3274237435 0.0 66.1929227054 67.443359642 6.98557098339 67.443359642 27.8911923506 49.2219475755 66.1929227054 27.8911923506 0.0
 5.65003214064 5.65003214064 58.5661425226 7.99483408181 23.1710116587 61.0851567417 23.1710116587 34.0984245427 15.1461232421 7.99483408181 34.0984245427 58.5661425226
 7.95573322638 7.95573322638 66.1929227054 0.0 25.3162793617 68.9163202171 25.3162793617 40.849914814 22.553985144 0.0 40.849914814 66.1929227054
 62.3274237435 62.3274237435 0.0 66.1929227054 67.443359642 6.98557098339 67.443359642 27.8911923506 49.2219475755 66.1929227054 27.8911923506 0.0
 64.3732626621 64.3732626621 6.98557098339 68.9163202171 67.6067590617 0.0 67.6067590617 32.7577999499 50.3423008787 68.9163202171 32.7577999499 6.98557098339
 42.7007701073 42.7007701073 38.8165621939 41.783467391 57.343888984 44.8062798958 57.343888984 14.7257849338 39.2047696165 41.783467391 14.7257849338 38.8165621939
 8.57034645659 8.57034645659 55.8710032363 10.3510712188 25.2664406477 58.5694687569 25.2664406477 31.0856940571 14.5871238605 10.3510712188 31.0856940571 55.8710032363
 5.65003214064 5.65003214064 58.5661425226 7.99483408181 23.1710116587 61.0851567417 23.1710116587 34.0984245427 15.1461232421 7.99483408181 34.0984245427 58.5661425226
 18.3360509473 18.3360509473 67.443359642 25.3162793617 0.0 67.6067590617 0.0 49.802488461 19.4824213262 25.3162793617 49.802488461 67.443359642
 
 150
 
 0.8 
