 1  
 1  
 10  
 5  
 5  
 
 
 
0 1440 0 0 
0 1440 0 0 
1073.11361103 1137.5831907 64.4695796616 46.0555809758
594.363171192 637.396508397 43.0333372049 16.0941428683
490.712624486 541.031078289 50.3184538026 27.8749593121
652.987401864 697.978604939 44.9912030748 32.4946550838
1032.48784621 1064.00347176 31.5156255513 3.93444752039
948.112021008 1010.60272249 62.4907014854 53.8305052914
736.7354513 760.440646347 23.7051950463 9.92379704909
926.033868275 978.418378367 52.3845100914 20.7916922028
584.093177284 608.528651359 24.4354740755 5.13260356193
1042.80959869 1097.33944762 54.5298489346 37.2360621154
 
 
 
 0.0 0.0 49.8259585431 10.1200960937 28.8336370585 56.2839291013 56.2839291013 56.2839291013 18.198706498 14.6667924233 28.8336370585 49.8259585431
 0.0 0.0 49.8259585431 10.1200960937 28.8336370585 56.2839291013 56.2839291013 56.2839291013 18.198706498 14.6667924233 28.8336370585 49.8259585431
 10.1200960937 10.1200960937 46.0555809758 0.0 24.6573397037 50.2533194433 50.2533194433 50.2533194433 9.92379704909 5.27788161874 24.6573397037 46.0555809758
 8.60022494278 8.60022494278 45.5415051911 16.0941428683 25.9740924632 53.8305052914 53.8305052914 53.8305052914 20.6405585341 18.9050503585 25.9740924632 45.5415051911
 56.2839291013 56.2839291013 13.9805284482 50.2533194433 27.8749593121 0.0 0.0 0.0 40.4610713765 45.3477291295 27.8749593121 13.9805284482
 51.3431492198 51.3431492198 41.3403402852 41.6173354783 35.4324970779 32.4946550838 32.4946550838 32.4946550838 33.579880376 36.6861838291 35.4324970779 41.3403402852
 60.0524048911 60.0524048911 15.5776181288 54.1476399729 31.4998538431 3.93444752039 3.93444752039 3.93444752039 44.3727660423 49.261225161 31.4998538431 15.5776181288
 8.60022494278 8.60022494278 45.5415051911 16.0941428683 25.9740924632 53.8305052914 53.8305052914 53.8305052914 20.6405585341 18.9050503585 25.9740924632 45.5415051911
 10.1200960937 10.1200960937 46.0555809758 0.0 24.6573397037 50.2533194433 50.2533194433 50.2533194433 9.92379704909 5.27788161874 24.6573397037 46.0555809758
 28.8336370585 28.8336370585 21.4341582005 24.6573397037 0.0 27.8749593121 27.8749593121 27.8749593121 16.3758318598 20.7916922028 0.0 21.4341582005
 28.9780632172 28.9780632172 20.9867391696 26.5685683058 5.13260356193 29.8244378125 29.8244378125 29.8244378125 19.5894450645 23.4650446593 5.13260356193 20.9867391696
 18.198706498 18.198706498 37.2360621154 9.92379704909 16.3758318598 40.4610713765 40.4610713765 40.4610713765 0.0 4.89148774157 16.3758318598 37.2360621154
 
 150
 
 0.8 
