 1  
 1  
 10  
 5  
 5  
 
 
 
0 1440 0 0 
0 1440 0 0 
518.127131442 545.458110294 27.3309788526 21.9682024199
422.422046728 515.460572149 93.0385254207 55.9386873319
428.09481976 487.814292184 59.719472424 51.1561314037
465.49241014 512.225832795 46.7334226552 8.86610059226
487.720136721 545.495857829 57.7757211076 21.9682024199
688.884753581 746.281237308 57.3964837268 51.1561314037
1062.22572322 1096.3227191 34.096995879 20.0987513085
462.697835574 524.083146375 61.385310801 37.4874290186
998.595267085 1081.89252711 83.297260027 45.7738882652
542.052017368 585.720787081 43.6687697132 17.1209253955
 
 
 
 0.0 0.0 18.9004860104 31.4042575525 1.99334008255 26.9708067551 32.2493484852 49.960306389 31.4042575525 32.2493484852 23.5752006383 26.9708067551
 0.0 0.0 18.9004860104 31.4042575525 1.99334008255 26.9708067551 32.2493484852 49.960306389 31.4042575525 32.2493484852 23.5752006383 26.9708067551
 32.2493484852 32.2493484852 21.9682024199 55.9386873319 32.3761327019 17.1209253955 0.0 29.4430297451 55.9386873319 0.0 17.4884292498 17.1209253955
 32.2493484852 32.2493484852 21.9682024199 55.9386873319 32.3761327019 17.1209253955 0.0 29.4430297451 55.9386873319 0.0 17.4884292498 17.1209253955
 49.960306389 49.960306389 48.7755963118 58.5058315419 51.1561314037 46.1840137106 29.4430297451 0.0 58.5058315419 29.4430297451 45.7738882652 46.1840137106
 18.9004860104 18.9004860104 0.0 49.8667689648 17.6994259537 8.86610059226 21.9682024199 48.7755963118 49.8667689648 21.9682024199 5.81902419074 8.86610059226
 18.9004860104 18.9004860104 0.0 49.8667689648 17.6994259537 8.86610059226 21.9682024199 48.7755963118 49.8667689648 21.9682024199 5.81902419074 8.86610059226
 1.99334008255 1.99334008255 17.6994259537 33.0593251828 0.0 26.0259254257 32.3761327019 51.1561314037 33.0593251828 32.3761327019 22.6416981426 26.0259254257
 12.13221875 12.13221875 29.8579635408 20.0987513085 14.0409160079 36.9160041843 37.4874290186 47.6532200693 20.0987513085 37.4874290186 33.6020660081 36.9160041843
 12.13221875 12.13221875 29.8579635408 20.0987513085 14.0409160079 36.9160041843 37.4874290186 47.6532200693 20.0987513085 37.4874290186 33.6020660081 36.9160041843
 49.960306389 49.960306389 48.7755963118 58.5058315419 51.1561314037 46.1840137106 29.4430297451 0.0 58.5058315419 29.4430297451 45.7738882652 46.1840137106
 32.2493484852 32.2493484852 21.9682024199 55.9386873319 32.3761327019 17.1209253955 0.0 29.4430297451 55.9386873319 0.0 17.4884292498 17.1209253955
 
 150
 
 0.8 
