 1  
 1  
 10  
 5  
 5  
 
 
 
0 1440 0 0 
0 1440 0 0 
919.06931003 978.620953444 59.5516434141 36.584354709
642.484205759 700.548465535 58.0642597761 22.1217992785
613.762599686 669.86503434 56.1024346537 17.272468055
707.99146669 745.156526601 37.1650599107 7.72807147284
473.477613096 524.061506393 50.5838932977 19.4398140248
941.271356203 980.519821166 39.248464963 16.9151862845
931.454062451 962.688620341 31.2345578899 6.13230519723
1069.09893526 1112.95150083 43.8525655751 6.18897215027
820.590580819 848.416217485 27.8256366656 11.4371068125
1000.75803536 1050.8295752 50.071539839 39.0501557303
 
 
 
 0.0 0.0 46.3601831708 35.7258891138 52.4833992241 17.804683685 19.504503399 19.022335526 52.4833992241 52.4833992241 46.3601831708 18.071596209
 0.0 0.0 46.3601831708 35.7258891138 52.4833992241 17.804683685 19.504503399 19.022335526 52.4833992241 52.4833992241 46.3601831708 18.071596209
 19.504503399 19.504503399 36.584354709 29.1884816612 42.3882762798 25.122861106 0.0 19.4398140248 42.3882762798 42.3882762798 36.584354709 4.8905078694
 17.804683685 17.804683685 33.557316153 22.1217992785 39.3316037778 0.0 25.122861106 7.72807147284 39.3316037778 39.3316037778 33.557316153 20.6346637668
 35.7258891138 35.7258891138 11.4371068125 0.0 17.272468055 22.1217992785 29.1884816612 16.9151862845 17.272468055 17.272468055 11.4371068125 24.8971815666
 19.022335526 19.022335526 28.0105802238 16.9151862845 34.0452462 7.72807147284 19.4398140248 0.0 34.0452462 34.0452462 28.0105802238 14.6046345022
 19.022335526 19.022335526 28.0105802238 16.9151862845 34.0452462 7.72807147284 19.4398140248 0.0 34.0452462 34.0452462 28.0105802238 14.6046345022
 35.7258891138 35.7258891138 11.4371068125 0.0 17.272468055 22.1217992785 29.1884816612 16.9151862845 17.272468055 17.272468055 11.4371068125 24.8971815666
 46.3601831708 46.3601831708 0.0 11.4371068125 6.13230519723 33.557316153 36.584354709 28.0105802238 6.13230519723 6.13230519723 0.0 33.0874708433
 46.5358454654 46.5358454654 1.30639659849 12.0622358339 6.18897215027 34.1294882528 36.2301175241 28.3747515361 6.18897215027 6.18897215027 1.30639659849 32.8612545072
 35.7258891138 35.7258891138 11.4371068125 0.0 17.272468055 22.1217992785 29.1884816612 16.9151862845 17.272468055 17.272468055 11.4371068125 24.8971815666
 52.4833992241 52.4833992241 6.13230519723 17.272468055 0.0 39.3316037778 42.3882762798 34.0452462 0.0 0.0 6.13230519723 39.0501557303
 
 150
 
 0.8 
