 1  
 1  
 10  
 5  
 5  
 
 
 
0 1440 0 0 
0 1440 0 0 
454.295050776 494.334953138 40.039902362 29.5196215217
662.92983148 721.050348763 58.1205172831 36.9230101567
900.268072452 934.346872624 34.0788001719 26.6966299287
673.480058877 741.625449872 68.1453909948 33.069942115
1020.01370093 1051.2143253 31.2006243721 8.48883519284
449.780255407 507.411445227 57.6311898204 25.4364161697
486.499963004 502.305500102 15.8055370974 8.48883519284
868.318822845 935.933919827 67.6150969819 29.5196215217
696.427715869 739.853711562 43.4259956925 36.9230101567
736.561349698 765.826926512 29.2655768136 14.6311782142
 
 
 
 0.0 0.0 17.8515452877 34.9306802503 25.3361140596 25.3361140596 17.8515452877 19.9222512828 17.8515452877 27.4692120512 34.9306802503 14.7821785519
 0.0 0.0 17.8515452877 34.9306802503 25.3361140596 25.3361140596 17.8515452877 19.9222512828 17.8515452877 27.4692120512 34.9306802503 14.7821785519
 27.4692120512 27.4692120512 29.5196215217 22.288771831 26.6966299287 26.6966299287 29.5196215217 15.1232993399 29.5196215217 0.0 22.288771831 34.659994032
 18.5797427155 18.5797427155 13.2376229744 36.9230101567 22.7556322338 22.7556322338 13.2376229744 37.4560903421 13.2376229744 40.2562954344 36.9230101567 5.61899310349
 27.4692120512 27.4692120512 29.5196215217 22.288771831 26.6966299287 26.6966299287 29.5196215217 15.1232993399 29.5196215217 0.0 22.288771831 34.659994032
 19.9222512828 19.9222512828 31.0887500605 34.5085623553 33.069942115 33.069942115 31.0887500605 0.0 31.0887500605 15.1232993399 34.5085623553 32.5416476641
 14.7821785519 14.7821785519 8.48883519284 32.0936864043 18.3768032553 18.3768032553 8.48883519284 32.5416476641 8.48883519284 34.659994032 32.0936864043 0.0
 6.40399493367 6.40399493367 20.4008493819 40.2183689371 29.2265351747 29.2265351747 20.4008493819 25.4364161697 20.4008493819 33.8685279693 40.2183689371 14.6311782142
 14.7821785519 14.7821785519 8.48883519284 32.0936864043 18.3768032553 18.3768032553 8.48883519284 32.5416476641 8.48883519284 34.659994032 32.0936864043 0.0
 17.8515452877 17.8515452877 0.0 23.7209285518 9.90477283202 9.90477283202 0.0 31.0887500605 0.0 29.5196215217 23.7209285518 8.48883519284
 18.5797427155 18.5797427155 13.2376229744 36.9230101567 22.7556322338 22.7556322338 13.2376229744 37.4560903421 13.2376229744 40.2562954344 36.9230101567 5.61899310349
 6.40399493367 6.40399493367 20.4008493819 40.2183689371 29.2265351747 29.2265351747 20.4008493819 25.4364161697 20.4008493819 33.8685279693 40.2183689371 14.6311782142
 
 150
 
 0.8 
