 1  
 1  
 10  
 5  
 5  
 
 
 
0 1440 0 0 
0 1440 0 0 
455.909820412 508.351264123 52.4414437106 27.4252972783
1046.64637804 1110.33751929 63.6911412485 28.0833038067
1071.48022778 1131.13397161 59.6537438278 32.2321028852
458.082205261 493.080568899 34.9983636381 4.54382587818
428.905843304 506.037202838 77.1313595335 47.2387155559
579.455786465 631.391095205 51.9353087398 41.9972603041
475.437355882 523.145774087 47.7084182045 34.4465925683
554.335049971 599.257184914 44.9221349435 34.6301709014
1036.53181785 1066.26510906 29.7332912178 17.0162604544
510.818328112 579.063767506 68.2454393943 52.578134368
 
 
 
 0.0 0.0 52.5742138083 25.4857324414 16.5935374565 23.8538719612 51.2148388543 51.2148388543 38.4537388181 19.607322168 16.5935374565 52.5742138083
 0.0 0.0 52.5742138083 25.4857324414 16.5935374565 23.8538719612 51.2148388543 51.2148388543 38.4537388181 19.607322168 16.5935374565 52.5742138083
 38.4537388181 38.4537388181 27.4252972783 25.8837481983 47.0794724189 15.0633225687 48.1257694488 48.1257694488 0.0 19.6069392114 47.0794724189 27.4252972783
 52.5742138083 52.5742138083 0.0 28.0833038067 52.578134368 32.0825538909 29.2730475982 29.2730475982 27.4252972783 34.6301709014 52.578134368 0.0
 23.8538719612 23.8538719612 32.0825538909 14.8810723488 32.2321028852 0.0 42.7377549532 42.7377549532 15.0633225687 4.54382587818 32.2321028852 32.0825538909
 19.607322168 19.607322168 34.6301709014 13.1893434592 27.7876236251 4.54382587818 41.9972603041 41.9972603041 19.6069392114 0.0 27.7876236251 34.6301709014
 21.7339881152 21.7339881152 60.2435798704 32.9953769498 8.09807196294 40.1124946058 47.2387155559 47.2387155559 55.0471254373 35.6205122185 8.09807196294 60.2435798704
 19.607322168 19.607322168 34.6301709014 13.1893434592 27.7876236251 4.54382587818 41.9972603041 41.9972603041 19.6069392114 0.0 27.7876236251 34.6301709014
 22.5216425613 22.5216425613 35.6018452238 9.06121780559 17.0162604544 21.6244482991 28.6948924628 28.6948924628 34.4465925683 18.3966475382 17.0162604544 35.6018452238
 52.5742138083 52.5742138083 0.0 28.0833038067 52.578134368 32.0825538909 29.2730475982 29.2730475982 27.4252972783 34.6301709014 52.578134368 0.0
 22.5216425613 22.5216425613 35.6018452238 9.06121780559 17.0162604544 21.6244482991 28.6948924628 28.6948924628 34.4465925683 18.3966475382 17.0162604544 35.6018452238
 16.5935374565 16.5935374565 52.578134368 25.0228799768 0.0 32.2321028852 42.0176563724 42.0176563724 47.0794724189 27.7876236251 0.0 52.578134368
 
 150
 
 0.8 
