 1  
 1  
 10  
 5  
 5  
 
 
 
0 1440 0 0 
0 1440 0 0 
429.272202332 473.971865148 44.6996628158 35.6301315542
437.693268835 458.286131368 20.5928625333 11.6999804564
604.307653776 696.214695277 91.9070415004 53.3702585772
739.276470458 762.103491492 22.8270210344 11.6999804564
1074.41403422 1089.67577326 15.2617390446 8.99789470783
460.958454983 495.836753791 34.8782988081 20.9323513013
848.123661392 879.091949315 30.9682879222 14.9416810571
1073.29997812 1147.00753472 73.7075565972 45.5507848273
523.793732394 590.901644338 67.1079119441 27.4310525777
1061.39087229 1115.37213062 53.9812583305 26.0748472299
 
 
 
 0.0 0.0 10.0437215896 34.4949469601 10.0437215896 43.3377294432 29.3159102593 34.4949469601 43.3377294432 37.2867426863 16.9612318577 29.3159102593
 0.0 0.0 10.0437215896 34.4949469601 10.0437215896 43.3377294432 29.3159102593 34.4949469601 43.3377294432 37.2867426863 16.9612318577 29.3159102593
 25.8738359269 25.8738359269 35.6301315542 9.53138312057 35.6301315542 20.7217636426 6.25008548154 9.53138312057 20.7217636426 30.8598805384 15.4737209971 6.25008548154
 43.3377294432 43.3377294432 53.3702585772 11.6999804564 53.3702585772 0.0 14.9416810571 11.6999804564 0.0 25.4411202494 27.4310525777 14.9416810571
 43.3377294432 43.3377294432 53.3702585772 11.6999804564 53.3702585772 0.0 14.9416810571 11.6999804564 0.0 25.4411202494 27.4310525777 14.9416810571
 34.4949469601 34.4949469601 44.4557475537 0.0 44.4557475537 11.6999804564 5.45160428057 0.0 11.6999804564 28.8356152946 20.9323513013 5.45160428057
 34.813118875 34.813118875 44.4692525178 5.88947082581 44.4692525178 16.5862933748 8.99789470783 5.88947082581 16.5862933748 34.4206562944 23.6104151711 8.99789470783
 16.9612318577 16.9612318577 26.6600386628 20.9323513013 26.6600386628 27.4310525777 15.5102049324 20.9323513013 27.4310525777 22.0936290985 0.0 15.5102049324
 29.3159102593 29.3159102593 39.3276106585 5.45160428057 39.3276106585 14.9416810571 0.0 5.45160428057 14.9416810571 26.0748472299 15.5102049324 0.0
 10.0437215896 10.0437215896 0.0 44.4557475537 0.0 53.3702585772 39.3276106585 44.4557475537 53.3702585772 45.5507848273 26.6600386628 39.3276106585
 43.3377294432 43.3377294432 53.3702585772 11.6999804564 53.3702585772 0.0 14.9416810571 11.6999804564 0.0 25.4411202494 27.4310525777 14.9416810571
 37.2867426863 37.2867426863 45.5507848273 28.8356152946 45.5507848273 25.4411202494 26.0748472299 28.8356152946 25.4411202494 0.0 22.0936290985 26.0748472299
 
 150
 
 0.8 
