 1  
 1  
 10  
 5  
 5  
 
 
 
0 1440 0 0 
0 1440 0 0 
900.118579707 945.257675598 45.1390958918 19.755773944
927.451217129 1000.19818815 72.746971019 48.0896269325
782.627514334 808.437221273 25.8097069387 13.2897988346
784.805987648 858.046987201 73.2409995522 57.8093189924
730.848381691 797.097056124 66.2486744331 56.9186638924
791.426938199 840.125849341 48.6989111422 26.5980986611
460.476535444 521.622002472 61.1454670279 28.3255317434
669.65632432 743.524385703 73.8680613835 46.4601872858
699.275985955 752.091889947 52.8159039925 46.4601872858
551.79289155 621.27669655 69.4838050007 49.4993259209
 
 
 
 0.0 0.0 11.3513238363 24.1219243066 4.56739940363 54.9110151243 26.3916813451 41.5848319541 11.3513238363 35.1120897935 11.3513238363 35.1120897935
 0.0 0.0 11.3513238363 24.1219243066 4.56739940363 54.9110151243 26.3916813451 41.5848319541 11.3513238363 35.1120897935 11.3513238363 35.1120897935
 26.3916813451 26.3916813451 19.755773944 10.2969622276 30.3789585698 58.3661513883 0.0 26.5980986611 19.755773944 56.9186638924 19.755773944 56.9186638924
 54.9110151243 54.9110151243 62.4588203723 48.0896269325 57.8093189924 0.0 58.3661513883 39.2729345519 62.4588203723 42.6998719026 62.4588203723 42.6998719026
 11.3513238363 11.3513238363 0.0 22.1684446374 13.2897988346 62.4588203723 19.755773944 41.5370656355 0.0 46.4601872858 0.0 46.4601872858
 4.56739940363 4.56739940363 13.2897988346 28.6464588006 0.0 57.8093189924 30.3789585698 46.1219740852 13.2897988346 34.336901525 13.2897988346 34.336901525
 35.1120897935 35.1120897935 46.4601872858 49.4993259209 34.336901525 42.6998719026 56.9186638924 57.3895885415 46.4601872858 0.0 46.4601872858 0.0
 26.3916813451 26.3916813451 19.755773944 10.2969622276 30.3789585698 58.3661513883 0.0 26.5980986611 19.755773944 56.9186638924 19.755773944 56.9186638924
 22.5374534636 22.5374534636 28.3255317434 16.9685897136 26.4507879465 34.2950366163 26.6467859953 23.8031377106 28.3255317434 34.4651911106 28.3255317434 34.4651911106
 11.3513238363 11.3513238363 0.0 22.1684446374 13.2897988346 62.4588203723 19.755773944 41.5370656355 0.0 46.4601872858 0.0 46.4601872858
 35.1120897935 35.1120897935 46.4601872858 49.4993259209 34.336901525 42.6998719026 56.9186638924 57.3895885415 46.4601872858 0.0 46.4601872858 0.0
 24.1219243066 24.1219243066 22.1684446374 0.0 28.6464588006 48.0896269325 10.2969622276 19.4440596832 22.1684446374 49.4993259209 22.1684446374 49.4993259209
 
 150
 
 0.8 
