 1  
 1  
 10  
 5  
 5  
 
 
 
0 1440 0 0 
0 1440 0 0 
575.451361855 632.137422014 56.6860601586 25.8824582514
1035.32559954 1108.68566743 73.3600678919 49.514703329
882.168246556 920.59869205 38.4304454941 18.1456701528
441.970891746 479.646817016 37.67592527 25.8824582514
797.887698908 848.252888937 50.3651900289 29.8389999471
1064.46845861 1128.45317553 63.9847169203 49.2214459686
889.921741366 941.809119033 51.8873776678 41.8299125284
548.006084526 574.283917394 26.2778328678 12.2450289389
557.754342591 624.036297876 66.2819552851 51.4726665693
444.255325934 490.60964094 46.3543150056 16.480852571
 
 
 
 0.0 0.0 33.4080407352 24.0359476268 37.5950670456 7.52778703819 7.52778703819 43.642408207 29.4132210797 36.7699334427 24.0359476268 24.0359476268
 0.0 0.0 33.4080407352 24.0359476268 37.5950670456 7.52778703819 7.52778703819 43.642408207 29.4132210797 36.7699334427 24.0359476268 24.0359476268
 7.52778703819 7.52778703819 25.8824582514 29.2552057596 33.1220703047 0.0 0.0 44.9922753957 22.5943445567 29.8389999471 29.2552057596 29.2552057596
 36.7699334427 36.7699334427 12.2450289389 49.514703329 18.1456701528 29.8389999471 29.8389999471 49.2214459686 7.38844927827 0.0 49.514703329 49.514703329
 36.7699334427 36.7699334427 12.2450289389 49.514703329 18.1456701528 29.8389999471 29.8389999471 49.2214459686 7.38844927827 0.0 49.514703329 49.514703329
 33.4080407352 33.4080407352 0.0 51.4726665693 28.8846407634 25.8824582514 25.8824582514 56.9065842194 11.8658295029 12.2450289389 51.4726665693 51.4726665693
 36.7699334427 36.7699334427 12.2450289389 49.514703329 18.1456701528 29.8389999471 29.8389999471 49.2214459686 7.38844927827 0.0 49.514703329 49.514703329
 36.7699334427 36.7699334427 12.2450289389 49.514703329 18.1456701528 29.8389999471 29.8389999471 49.2214459686 7.38844927827 0.0 49.514703329 49.514703329
 34.7375509229 34.7375509229 52.764261981 16.480852571 32.8835012734 37.1240767668 37.1240767668 10.1536165851 41.8299125284 46.9960651872 16.480852571 16.480852571
 33.4080407352 33.4080407352 0.0 51.4726665693 28.8846407634 25.8824582514 25.8824582514 56.9065842194 11.8658295029 12.2450289389 51.4726665693 51.4726665693
 33.4080407352 33.4080407352 0.0 51.4726665693 28.8846407634 25.8824582514 25.8824582514 56.9065842194 11.8658295029 12.2450289389 51.4726665693 51.4726665693
 34.7375509229 34.7375509229 52.764261981 16.480852571 32.8835012734 37.1240767668 37.1240767668 10.1536165851 41.8299125284 46.9960651872 16.480852571 16.480852571
 
 150
 
 0.8 
