 1  
 1  
 10  
 5  
 5  
 
 
 
0 1440 0 0 
0 1440 0 0 
1046.64127635 1088.49656141 41.8552850663 14.3435291733
990.537729198 1054.47591546 63.9381862651 42.1107230286
705.263190756 772.067412957 66.8042222011 28.0572805637
484.547109719 553.944638933 69.3975292136 52.1404156446
895.405882828 932.802474989 37.3965921608 16.2183577128
450.812510768 503.125065639 52.3125548708 38.863446195
1001.40955564 1029.93644777 28.5268921304 18.5130511784
1067.61145818 1166.13738583 98.5259276543 60.810985832
812.530501739 839.492732956 26.9622312169 13.3353836302
722.233984705 775.973831848 53.7398471431 14.7872305909
 
 
 
 0.0 0.0 42.4928573849 28.9844841982 55.4210049906 42.4928573849 20.3898997878 8.03714435322 37.8925725891 55.4210049906 41.8412017418 43.5684439404
 0.0 0.0 42.4928573849 28.9844841982 55.4210049906 42.4928573849 20.3898997878 8.03714435322 37.8925725891 55.4210049906 41.8412017418 43.5684439404
 28.9844841982 28.9844841982 14.3435291733 0.0 59.5089783228 14.3435291733 41.79767602 26.7551229193 13.6450508593 59.5089783228 34.0551683601 28.7487198922
 54.1569417166 54.1569417166 36.716511411 42.1107230286 31.0988129281 36.716511411 48.8346659254 46.468518846 53.4444172627 31.0988129281 12.6374014472 13.3650117378
 41.8412017418 41.8412017418 32.9323767041 34.0551683601 28.0572805637 32.9323767041 36.4928230574 34.0295555293 46.8551734894 28.0572805637 0.0 9.84976871466
 20.3898997878 20.3898997878 52.1404156446 41.79767602 39.4147305045 52.1404156446 0.0 16.2183577128 53.8099957111 39.4147305045 36.4928230574 42.6248482981
 8.03714435322 8.03714435322 38.863446195 26.7551229193 47.8070203804 38.863446195 16.2183577128 0.0 37.9088821518 47.8070203804 34.0295555293 36.4631993796
 42.4928573849 42.4928573849 0.0 14.3435291733 60.810985832 0.0 52.1404156446 38.863446195 18.5130511784 60.810985832 32.9323767041 24.40828673
 42.4928573849 42.4928573849 0.0 14.3435291733 60.810985832 0.0 52.1404156446 38.863446195 18.5130511784 60.810985832 32.9323767041 24.40828673
 42.4928573849 42.4928573849 0.0 14.3435291733 60.810985832 0.0 52.1404156446 38.863446195 18.5130511784 60.810985832 32.9323767041 24.40828673
 29.2417439023 29.2417439023 26.907763604 23.0707993641 36.4392792934 26.907763604 28.6647345072 21.8250581267 36.6231206117 36.4392792934 13.3353836302 14.7872305909
 29.2417439023 29.2417439023 26.907763604 23.0707993641 36.4392792934 26.907763604 28.6647345072 21.8250581267 36.6231206117 36.4392792934 13.3353836302 14.7872305909
 
 150
 
 0.8 
