 1  
 1  
 10  
 5  
 5  
 
 
 
0 1440 0 0 
0 1440 0 0 
721.377513651 765.731014296 44.3535006446 26.1321800451
1044.24720916 1096.46223703 52.2150278677 25.6288139158
1056.35495757 1108.33397753 51.9790199617 17.0047407844
1021.04601076 1039.86558802 18.8195772562 6.4109425428
756.501362376 827.866027116 71.3646647398 38.0134558672
786.549840156 842.202629975 55.6527898187 21.7401552239
461.887872162 509.119342586 47.2314704237 14.595808444
436.040246648 455.076732152 19.0364855039 6.4682982178
435.417234242 477.518292753 42.1010585106 13.7032616701
565.914816601 630.023209104 64.1083925028 49.0677372423
 
 
 
 0.0 0.0 52.0082417238 47.0570300385 37.0243470758 34.1322590193 39.2236731528 52.0082417238 37.2522964166 40.9560041517 22.8976446267 40.9560041517
 0.0 0.0 52.0082417238 47.0570300385 37.0243470758 34.1322590193 39.2236731528 52.0082417238 37.2522964166 40.9560041517 22.8976446267 40.9560041517
 40.9560041517 40.9560041517 26.1321800451 31.2358796006 17.0047407844 44.4519549898 6.4682982178 26.1321800451 33.6071528685 0.0 33.8793065621 0.0
 22.8976446267 22.8976446267 33.0150056775 25.6288139158 21.1207481112 13.7032616701 36.0003228821 33.0150056775 14.595808444 33.8793065621 0.0 33.8793065621
 40.9560041517 40.9560041517 26.1321800451 31.2358796006 17.0047407844 44.4519549898 6.4682982178 26.1321800451 33.6071528685 0.0 33.8793065621 0.0
 40.3728428587 40.3728428587 36.5883495901 25.9073108522 32.6574755461 6.4109425428 52.8172081216 36.5883495901 16.1557240318 49.0677372423 19.9976259491 49.0677372423
 37.2522964166 37.2522964166 21.7401552239 12.1308156125 16.7722776064 13.5556231065 38.0134558672 21.7401552239 0.0 33.6071528685 14.595808444 33.6071528685
 37.2522964166 37.2522964166 21.7401552239 12.1308156125 16.7722776064 13.5556231065 38.0134558672 21.7401552239 0.0 33.6071528685 14.595808444 33.6071528685
 22.8976446267 22.8976446267 33.0150056775 25.6288139158 21.1207481112 13.7032616701 36.0003228821 33.0150056775 14.595808444 33.8793065621 0.0 33.8793065621
 39.2236731528 39.2236731528 32.5105096275 36.9879305496 22.041416584 47.7325160947 0.0 32.5105096275 38.0134558672 6.4682982178 36.0003228821 6.4682982178
 34.1322590193 34.1322590193 35.2205748839 25.0788134594 28.7335987596 0.0 47.7325160947 35.2205748839 13.5556231065 44.4519549898 13.7032616701 44.4519549898
 40.3728428587 40.3728428587 36.5883495901 25.9073108522 32.6574755461 6.4109425428 52.8172081216 36.5883495901 16.1557240318 49.0677372423 19.9976259491 49.0677372423
 
 150
 
 0.8 
