 1  
 1  
 10  
 5  
 5  
 
 
 
0 1440 0 0 
0 1440 0 0 
621.8596031 675.57255715 53.7129540507 36.5313262175
1065.71163587 1152.80906956 87.0974336936 48.5617726145
1041.48245346 1080.83726748 39.3548140208 29.0691545638
823.346824614 872.604366257 49.2575416437 23.2559231359
451.695682533 524.058098832 72.362416299 39.8515145011
981.133366666 1017.58056615 36.4471994826 7.89750817001
638.306475009 706.311798275 68.0053232653 31.9467720101
835.809271274 887.68530877 51.8760374961 17.1877905343
783.488806384 806.203969109 22.7151627246 17.1877905343
480.708496131 544.707424794 63.998928662 53.7940992954
 
 
 
 0.0 0.0 48.5101926942 18.8557331821 10.2267552844 15.6196927759 38.4192646367 15.6196927759 18.9209059266 32.83306922 32.83306922 12.5135989276
 0.0 0.0 48.5101926942 18.8557331821 10.2267552844 15.6196927759 38.4192646367 15.6196927759 18.9209059266 32.83306922 32.83306922 12.5135989276
 18.8557331821 18.8557331821 36.5313262175 0.0 29.0691545638 14.6934849953 21.9217436908 14.6934849953 25.6978735436 24.0481460154 24.0481460154 8.1632453232
 53.8654817988 53.8654817988 20.5956234016 48.5617726145 59.6254067047 61.6907186013 63.3299572916 61.6907186013 37.0053043986 24.5907641949 24.5907641949 53.7940992954
 18.8557331821 18.8557331821 36.5313262175 0.0 29.0691545638 14.6934849953 21.9217436908 14.6934849953 25.6978735436 24.0481460154 24.0481460154 8.1632453232
 10.2267552844 10.2267552844 56.9489264508 29.0691545638 0.0 23.2559231359 47.8947878063 23.2559231359 22.7116831547 40.9425873995 40.9425873995 22.2925886756
 32.83306922 32.83306922 16.0602092354 24.0481460154 40.9425873995 37.7285579201 39.8515145011 37.7285579201 21.8201211391 0.0 0.0 29.9133961537
 12.5135989276 12.5135989276 43.7404358811 8.1632453232 22.2925886756 7.89750817001 25.9160208432 7.89750817001 25.2401100557 29.9133961537 29.9133961537 0.0
 15.6196927759 15.6196927759 51.1362629813 14.6934849953 23.2559231359 0.0 25.7324994942 0.0 31.9467720101 37.7285579201 37.7285579201 7.89750817001
 47.6730875859 47.6730875859 6.40884026824 33.6611590532 56.7533143075 48.3488865152 40.5306110418 48.3488865152 38.9870964088 17.1877905343 17.1877905343 41.3657676907
 47.6730875859 47.6730875859 6.40884026824 33.6611590532 56.7533143075 48.3488865152 40.5306110418 48.3488865152 38.9870964088 17.1877905343 17.1877905343 41.3657676907
 53.8654817988 53.8654817988 20.5956234016 48.5617726145 59.6254067047 61.6907186013 63.3299572916 61.6907186013 37.0053043986 24.5907641949 24.5907641949 53.7940992954
 
 150
 
 0.8 
