 1  
 1  
 10  
 5  
 5  
 
 
 
0 1440 0 0 
0 1440 0 0 
941.250234525 1002.93274604 61.6825115125 53.0884435586
779.958160822 846.323883604 66.365722782 42.960399635
581.54897471 637.843885956 56.2949112455 48.4722386726
463.799769686 545.491044649 81.6912749627 54.9906257065
911.166696335 962.595116936 51.428420601 42.7033046986
675.03772408 751.34842954 76.3107054601 37.3673036313
580.287919837 613.995685878 33.7077660413 5.30289913502
858.100868847 909.046360092 50.9454912447 32.181780658
446.251014254 508.198062636 61.9470483823 23.1630497052
900.950721483 963.110944312 62.160222829 29.1519212247
 
 
 
 0.0 0.0 51.0111289947 27.4264796413 27.4264796413 43.7119438133 3.46171320689 51.0111289947 47.6077111588 64.4039436628 39.2479356419 3.46171320689
 0.0 0.0 51.0111289947 27.4264796413 27.4264796413 43.7119438133 3.46171320689 51.0111289947 47.6077111588 64.4039436628 39.2479356419 3.46171320689
 20.1661403025 20.1661403025 53.0884435586 7.59967701255 7.59967701255 52.4202184635 21.6668766441 53.0884435586 54.715729962 53.4711337347 38.2801855722 21.6668766441
 31.1260778622 31.1260778622 22.4309434282 42.960399635 42.960399635 12.9114270467 34.1401692379 22.4309434282 16.4816591139 50.6074136347 18.4262038046 34.1401692379
 64.4039436628 64.4039436628 37.3673036313 48.4722386726 48.4722386726 53.096233921 67.6787105136 37.3673036313 50.0197584555 0.0 32.181780658 67.6787105136
 27.4264796413 27.4264796413 53.2054504055 0.0 0.0 54.9906257065 29.1519212247 53.2054504055 56.6324559307 48.4722386726 38.0115929429 29.1519212247
 39.2479356419 39.2479356419 15.2271077307 38.0115929429 38.0115929429 23.1630497052 42.7033046986 15.2271077307 22.0680460734 32.181780658 0.0 42.7033046986
 64.4039436628 64.4039436628 37.3673036313 48.4722386726 48.4722386726 53.096233921 67.6787105136 37.3673036313 50.0197584555 0.0 32.181780658 67.6787105136
 43.7119438133 43.7119438133 17.5387397104 54.9906257065 54.9906257065 0.0 46.57463166 17.5387397104 5.30289913502 53.096233921 23.1630497052 46.57463166
 39.2479356419 39.2479356419 15.2271077307 38.0115929429 38.0115929429 23.1630497052 42.7033046986 15.2271077307 22.0680460734 32.181780658 0.0 42.7033046986
 43.7119438133 43.7119438133 17.5387397104 54.9906257065 54.9906257065 0.0 46.57463166 17.5387397104 5.30289913502 53.096233921 23.1630497052 46.57463166
 27.4264796413 27.4264796413 53.2054504055 0.0 0.0 54.9906257065 29.1519212247 53.2054504055 56.6324559307 48.4722386726 38.0115929429 29.1519212247
 
 150
 
 0.8 
