 1  
 1  
 10  
 5  
 5  
 
 
 
0 1440 0 0 
0 1440 0 0 
525.3990772 566.714422881 41.3153456811 21.3687665836
670.312445491 756.595597573 86.2831520816 47.9997628626
637.673894688 729.204058524 91.5301638363 61.8662736461
922.393913412 951.901993859 29.5080804465 15.7295350472
719.87622795 770.982647275 51.1064193256 29.5167035948
572.084076992 619.247404242 47.1633272503 21.5023649389
666.62509498 692.850816808 26.2257218279 1.57818871488
1006.47373083 1077.3882149 70.91448407 33.6004117055
984.944478294 1032.04756743 47.1030891395 21.8841944652
425.833387523 465.152994504 39.319606981 29.5167035948
 
 
 
 0.0 0.0 17.249809881 43.9950498364 47.4786246728 2.27919192638 2.27919192638 36.568409622 36.568409622 43.9950498364 17.249809881 2.27919192638
 0.0 0.0 17.249809881 43.9950498364 47.4786246728 2.27919192638 2.27919192638 36.568409622 36.568409622 43.9950498364 17.249809881 2.27919192638
 29.3776524175 29.3776524175 21.3687665836 32.0129954602 48.0061946365 29.5167035948 29.5167035948 27.2972692852 27.2972692852 32.0129954602 21.3687665836 29.5167035948
 17.249809881 17.249809881 0.0 47.9997628626 57.858489436 15.7295350472 15.7295350472 41.3411245414 41.3411245414 47.9997628626 0.0 15.7295350472
 36.306664223 36.306664223 21.8841944652 45.2685434217 61.8662736461 35.5955208194 35.5955208194 41.0410292094 41.0410292094 45.2685434217 21.8841944652 35.5955208194
 17.249809881 17.249809881 0.0 47.9997628626 57.858489436 15.7295350472 15.7295350472 41.3411245414 41.3411245414 47.9997628626 0.0 15.7295350472
 29.3776524175 29.3776524175 21.3687665836 32.0129954602 48.0061946365 29.5167035948 29.5167035948 27.2972692852 27.2972692852 32.0129954602 21.3687665836 29.5167035948
 47.4786246728 47.4786246728 57.858489436 21.1561319412 0.0 49.6770686123 49.6770686123 21.5023649389 21.5023649389 21.1561319412 57.858489436 49.6770686123
 38.1257673224 38.1257673224 42.8668066916 5.92095928789 20.8506407908 39.8750289719 39.8750289719 1.57818871488 1.57818871488 5.92095928789 42.8668066916 39.8750289719
 14.4068772086 14.4068772086 15.0261534063 33.6004117055 42.9684729461 15.0125259778 15.0125259778 26.6392355745 26.6392355745 33.6004117055 15.0261534063 15.0125259778
 36.306664223 36.306664223 21.8841944652 45.2685434217 61.8662736461 35.5955208194 35.5955208194 41.0410292094 41.0410292094 45.2685434217 21.8841944652 35.5955208194
 29.3776524175 29.3776524175 21.3687665836 32.0129954602 48.0061946365 29.5167035948 29.5167035948 27.2972692852 27.2972692852 32.0129954602 21.3687665836 29.5167035948
 
 150
 
 0.8 
