 1  
 1  
 10  
 5  
 5  
 
 
 
0 1440 0 0 
0 1440 0 0 
1019.27905263 1082.55953388 63.2804812566 52.003367812
531.56341447 580.105454329 48.5420398596 13.1031562087
1002.41212329 1050.25800796 47.8458846713 31.9001933801
660.61761591 726.989567799 66.3719518888 28.2617159842
1021.73578301 1060.01497151 38.2791885007 32.6892556103
679.476095199 734.68403921 55.2079440117 25.6205425531
1004.74222362 1059.41681478 54.6745911622 25.6205425531
858.1611004 900.736552436 42.5754520367 13.7750444378
985.685105108 1032.35924581 46.6741406978 23.8159889701
862.26360592 921.86738457 59.6037786499 19.7655358311
 
 
 
 0.0 0.0 38.0463184018 34.4548441063 57.2381965649 25.3381575594 34.0606846089 55.344119923 55.344119923 43.7698221369 34.0606846089 57.2381965649
 0.0 0.0 38.0463184018 34.4548441063 57.2381965649 25.3381575594 34.0606846089 55.344119923 55.344119923 43.7698221369 34.0606846089 57.2381965649
 22.844656124 22.844656124 52.003367812 40.9483970722 49.7754208413 24.123641335 32.6892556103 66.1994996693 66.1994996693 51.8987823793 32.6892556103 49.7754208413
 34.0606846089 34.0606846089 29.682092203 13.1031562087 23.8159889701 9.42409760226 0.0 37.4671784179 37.4671784179 22.5505866503 0.0 23.8159889701
 25.3381575594 25.3381575594 31.4464443904 17.3809015073 31.9001933801 0.0 9.42409760226 42.9986324167 42.9986324167 28.2617159842 9.42409760226 31.9001933801
 43.7698221369 43.7698221369 13.7750444378 10.9579395524 35.0175512162 28.2617159842 22.5505866503 14.9516697719 14.9516697719 0.0 22.5505866503 35.0175512162
 22.844656124 22.844656124 52.003367812 40.9483970722 49.7754208413 24.123641335 32.6892556103 66.1994996693 66.1994996693 51.8987823793 32.6892556103 49.7754208413
 34.4548441063 34.4548441063 16.7915479991 0.0 31.9178701545 17.3809015073 13.1031562087 25.6205425531 25.6205425531 10.9579395524 13.1031562087 31.9178701545
 34.4548441063 34.4548441063 16.7915479991 0.0 31.9178701545 17.3809015073 13.1031562087 25.6205425531 25.6205425531 10.9579395524 13.1031562087 31.9178701545
 38.0463184018 38.0463184018 0.0 16.7915479991 47.3992340578 31.4464443904 29.682092203 18.0927254838 18.0927254838 13.7750444378 29.682092203 47.3992340578
 57.2381965649 57.2381965649 47.3992340578 31.9178701545 0.0 31.9001933801 23.8159889701 46.4614900637 46.4614900637 35.0175512162 23.8159889701 0.0
 46.5761281906 46.5761281906 51.3157703581 34.5909622764 19.7655358311 23.9924240515 21.6700725754 56.9174773051 56.9174773051 42.6439116153 21.6700725754 19.7655358311
 
 150
 
 0.8 
