 1  
 1  
 10  
 5  
 5  
 
 
 
0 1440 0 0 
0 1440 0 0 
883.71755555 946.001933526 62.284377976 33.2306327804
975.979299499 1030.99924267 55.0199431749 37.9675085507
1049.29570679 1082.04434346 32.7486366696 13.9765607413
514.383206326 576.395646434 62.0124401073 50.9531165459
960.663964492 989.792524147 29.1285596554 8.28675228795
737.345604546 787.997522925 50.6519183791 37.6403442681
879.085006646 945.320007154 66.2350005079 41.5235540039
706.226867797 733.770136546 27.5432687487 14.7822882859
456.068555905 528.809985484 72.7414295788 50.9531165459
832.777749232 878.848539799 46.0707905663 18.3693635355
 
 
 
 0.0 0.0 21.553346838 31.0337083489 39.7205557998 33.6299629804 16.3593482073 16.3593482073 22.2413692665 22.2413692665 33.6299629804 22.2413692665
 0.0 0.0 21.553346838 31.0337083489 39.7205557998 33.6299629804 16.3593482073 16.3593482073 22.2413692665 22.2413692665 33.6299629804 22.2413692665
 54.5937069006 54.5937069006 33.2306327804 48.2770408106 20.1811444433 37.3825580008 40.4849388869 40.4849388869 36.4139731251 36.4139731251 37.3825580008 36.4139731251
 22.2413692665 22.2413692665 8.31490188816 37.9675085507 18.3693635355 13.3404795343 5.92017034204 5.92017034204 0.0 0.0 13.3404795343 0.0
 53.5136915653 53.5136915653 32.3188135983 54.7871987719 13.9765607413 28.7354007072 37.6403442681 37.6403442681 32.3387081035 32.3387081035 28.7354007072 32.3387081035
 31.0337083489 31.0337083489 30.2640729683 0.0 45.2319779879 50.9531165459 34.3958267915 34.3958267915 37.9675085507 37.9675085507 50.9531165459 37.9675085507
 21.553346838 21.553346838 0.0 30.2640729683 18.9998758389 20.7084962571 8.28675228795 8.28675228795 8.31490188816 8.31490188816 20.7084962571 8.31490188816
 53.5136915653 53.5136915653 32.3188135983 54.7871987719 13.9765607413 28.7354007072 37.6403442681 37.6403442681 32.3387081035 32.3387081035 28.7354007072 32.3387081035
 56.6049507958 56.6049507958 36.4628204736 44.2147946454 28.1288070894 45.1775841399 44.4954173209 44.4954173209 41.5235540039 41.5235540039 45.1775841399 41.5235540039
 24.0017758991 24.0017758991 6.50341087709 25.0583206424 21.0234203312 26.5522332587 14.1634943994 14.1634943994 14.7822882859 14.7822882859 26.5522332587 14.7822882859
 31.0337083489 31.0337083489 30.2640729683 0.0 45.2319779879 50.9531165459 34.3958267915 34.3958267915 37.9675085507 37.9675085507 50.9531165459 37.9675085507
 39.7205557998 39.7205557998 18.9998758389 45.2319779879 0.0 17.2439773631 23.6930287878 23.6930287878 18.3693635355 18.3693635355 17.2439773631 18.3693635355
 
 150
 
 0.8 
