 1  
 1  
 10  
 5  
 5  
 
 
 
0 1440 0 0 
0 1440 0 0 
793.919544431 837.846220858 43.9266764261 31.9964777774
428.615845489 486.375893808 57.7600483184 31.2547417854
696.916934185 736.335786543 39.4188523577 10.1403005116
476.128825398 511.416337445 35.2875120466 17.1752194505
809.749979615 868.587661604 58.8376819893 26.3717244045
915.564831154 967.808075241 52.2432440866 17.4003355496
839.593486017 915.823033571 76.2295475535 38.5736356018
647.93114434 725.253246547 77.3221022066 38.5736356018
573.399974866 639.934676575 66.5347017095 29.3388796069
870.615985812 899.821125784 29.2051399718 23.1736606518
 
 
 
 0.0 0.0 24.1898600308 24.1898600308 12.5535236745 24.1898600308 42.3374378865 42.3374378865 21.5206535696 17.7627512242 21.5206535696 3.5848157894
 0.0 0.0 24.1898600308 24.1898600308 12.5535236745 24.1898600308 42.3374378865 42.3374378865 21.5206535696 17.7627512242 21.5206535696 3.5848157894
 42.3374378865 42.3374378865 31.9964777774 31.9964777774 35.457487256 31.9964777774 0.0 0.0 54.1023581496 32.7397240109 54.1023581496 39.3292853638
 17.7627512242 17.7627512242 31.2547417854 31.2547417854 22.7608183981 31.2547417854 32.7397240109 32.7397240109 38.5736356018 0.0 38.5736356018 17.3791341619
 16.4978226851 16.4978226851 14.8797283048 14.8797283048 10.1403005116 14.8797283048 26.3717244045 26.3717244045 29.3388796069 16.6221880865 29.3388796069 13.1906516098
 40.2972707016 40.2972707016 17.1752194505 17.1752194505 28.1171590294 17.1752194505 26.7477474796 26.7477474796 40.0941311862 42.3435132011 40.0941311862 36.7344564619
 16.4978226851 16.4978226851 14.8797283048 14.8797283048 10.1403005116 14.8797283048 26.3717244045 26.3717244045 29.3388796069 16.6221880865 29.3388796069 13.1906516098
 28.6222316818 28.6222316818 29.125059075 29.125059075 26.3867477774 29.125059075 17.4003355496 17.4003355496 45.4195940683 15.6014116755 45.4195940683 26.4248180968
 17.7627512242 17.7627512242 31.2547417854 31.2547417854 22.7608183981 31.2547417854 32.7397240109 32.7397240109 38.5736356018 0.0 38.5736356018 17.3791341619
 21.5206535696 21.5206535696 23.9902980745 23.9902980745 19.2235682753 23.9902980745 54.1023581496 54.1023581496 0.0 38.5736356018 0.0 21.1951864574
 16.4978226851 16.4978226851 14.8797283048 14.8797283048 10.1403005116 14.8797283048 26.3717244045 26.3717244045 29.3388796069 16.6221880865 29.3388796069 13.1906516098
 21.5739183525 21.5739183525 41.3784098391 41.3784098391 31.1679129332 41.3784098391 44.305398618 44.305398618 42.845299315 12.1418088329 42.845299315 23.1736606518
 
 150
 
 0.8 
