 1  
 1  
 10  
 5  
 5  
 
 
 
0 1440 0 0 
0 1440 0 0 
666.939581411 770.72507336 103.785491949 65.5305562266
712.614807387 768.373266457 55.7584590698 30.2396828026
904.29946069 966.144642271 61.8451815817 27.931755843
779.893845691 842.37829698 62.4844512893 33.2367178907
883.979666224 960.173648887 76.1939826626 54.5029451148
953.654152864 1030.62581736 76.971664495 49.2224650942
926.079804467 1000.44815947 74.3683550013 50.7960651805
612.788597578 685.16103625 72.3724386723 57.6426626199
984.683007941 1031.56366371 46.8806557694 21.100303271
972.753905499 1048.26286519 75.5089596905 49.2224650942
 
 
 
 0.0 0.0 17.8092078971 33.5046083485 33.5046083485 46.4084901743 33.5046083485 24.0316957073 33.1188858503 24.6640008668 17.8092078971 43.0323418838
 0.0 0.0 17.8092078971 33.5046083485 33.5046083485 46.4084901743 33.5046083485 24.0316957073 33.1188858503 24.6640008668 17.8092078971 43.0323418838
 51.4909991556 51.4909991556 65.5305562266 56.2616439264 56.2616439264 33.2367178907 56.2616439264 52.0854142616 30.9222972806 44.0707907271 65.5305562266 12.886586263
 46.4084901743 46.4084901743 51.703301097 30.2396828026 30.2396828026 0.0 30.2396828026 31.4738497787 49.1893650953 55.5102700283 51.703301097 38.7071501539
 17.8092078971 17.8092078971 0.0 27.931755843 27.931755843 51.703301097 27.931755843 21.100303271 50.7960651805 42.1170529491 0.0 58.9140296215
 51.4909991556 51.4909991556 65.5305562266 56.2616439264 56.2616439264 33.2367178907 56.2616439264 52.0854142616 30.9222972806 44.0707907271 65.5305562266 12.886586263
 24.6640008668 24.6640008668 42.1170529491 54.5029451148 54.5029451148 55.5102700283 54.5029451148 45.2647227767 14.4671224311 0.0 42.1170529491 31.7768766067
 43.0323418838 43.0323418838 58.9140296215 55.3147405118 55.3147405118 38.7071501539 55.3147405118 49.2224650942 18.1317306787 31.7768766067 58.9140296215 0.0
 17.8092078971 17.8092078971 0.0 27.931755843 27.931755843 51.703301097 27.931755843 21.100303271 50.7960651805 42.1170529491 0.0 58.9140296215
 36.9583021292 36.9583021292 31.1900188086 3.49735257919 3.49735257919 29.6600373005 3.49735257919 12.9366226074 58.8085942289 57.6426626199 31.1900188086 57.1147545938
 24.0316957073 24.0316957073 21.100303271 9.51833663474 9.51833663474 31.4738497787 9.51833663474 0.0 47.925770732 45.2647227767 21.100303271 49.2224650942
 24.0316957073 24.0316957073 21.100303271 9.51833663474 9.51833663474 31.4738497787 9.51833663474 0.0 47.925770732 45.2647227767 21.100303271 49.2224650942
 
 150
 
 0.8 
