 1  
 1  
 10  
 5  
 5  
 
 
 
0 1440 0 0 
0 1440 0 0 
485.228300764 511.230789134 26.0024883707 9.98638796898
434.718104048 473.157689807 38.4395857586 9.27639840164
1053.43106671 1142.22834842 88.7972817111 50.3773959352
509.629770673 580.365303385 70.7355327125 44.5966326798
610.926120572 634.655248622 23.7291280503 10.9083619537
968.542239276 1008.73380742 40.1915681473 8.91108341567
567.391768368 621.438081558 54.0463131907 44.5966326798
825.679039053 873.484297573 47.8052585198 17.7227857147
1039.49303692 1098.25134469 58.7583077743 34.1079282758
933.647379632 981.939632758 48.2922531262 16.4433192632
 
 
 
 0.0 0.0 42.2522322471 33.4523094247 20.7256434644 42.4529219995 42.4529219995 26.0623524519 17.5069697525 42.4529219995 53.0032890158 39.9266665267
 0.0 0.0 42.2522322471 33.4523094247 20.7256434644 42.4529219995 42.4529219995 26.0623524519 17.5069697525 42.4529219995 53.0032890158 39.9266665267
 33.4523094247 33.4523094247 9.98638796898 0.0 18.0063254248 9.27639840164 9.27639840164 18.769903971 35.5208097685 9.27639840164 36.7661397882 13.2625646457
 42.4529219995 42.4529219995 2.80511240451 9.27639840164 27.0173736013 0.0 0.0 24.0012862596 44.5966326798 0.0 34.1079282758 10.9083619537
 53.0032890158 53.0032890158 31.3067310704 36.7661397882 50.3773959352 34.1079282758 34.1079282758 27.6239423096 64.7285340749 34.1079282758 0.0 23.9375714936
 17.5069697525 17.5069697525 45.4978050068 35.5208097685 17.5821967644 44.5966326798 44.5966326798 37.2136744556 0.0 44.5966326798 64.7285340749 46.3443024949
 39.9266665267 39.9266665267 8.22572953499 13.2625646457 29.6408571681 10.9083619537 10.9083619537 16.4433192632 46.3443024949 10.9083619537 23.9375714936 0.0
 34.6704953544 34.6704953544 16.6804879088 17.4322398303 29.3445787663 19.0348916941 19.0348916941 8.91108341567 44.2076445192 19.0348916941 21.0331048767 9.04828511599
 42.4529219995 42.4529219995 2.80511240451 9.27639840164 27.0173736013 0.0 0.0 24.0012862596 44.5966326798 0.0 34.1079282758 10.9083619537
 29.3839605982 29.3839605982 19.1855593733 9.6774440422 10.0560925834 17.7227857147 17.7227857147 23.6579809713 27.3706342707 17.7227857147 45.7351762935 22.7974156998
 42.4529219995 42.4529219995 2.80511240451 9.27639840164 27.0173736013 0.0 0.0 24.0012862596 44.5966326798 0.0 34.1079282758 10.9083619537
 26.0623524519 26.0623524519 22.3219205365 18.769903971 24.5183104318 24.0012862596 24.0012862596 0.0 37.2136744556 24.0012862596 27.6239423096 16.4433192632
 
 150
 
 0.8 
