 1 
 1 
 10 
 5 
 5 
 
 
 
0 1440 0 0 
0 1440 0 0 
975.123579341 1028.62816792 53.5045885812 18.2871509035
1055.78534032 1088.70375274 32.9184124219 17.8123986929
421.014903734 441.771017551 20.7561138168 14.7065493026
770.884589266 832.261891536 61.3773022701 32.8367175387
1074.53584939 1125.11738887 50.5815394719 42.1854552152
516.225077953 556.871222548 40.6461445958 27.7136162195
452.323650448 511.224208606 58.9005581582 34.642244021
515.092745689 546.505736346 31.4129906568 6.69734273369
450.834403803 490.570195825 39.7357920215 27.403835376
468.370961939 533.143331938 64.7723699999 42.1854552152
 
 
 
 0.0 0.0 5.99348305017 31.5610231407 14.7365052579 29.581738083 29.188331954 31.5610231407 12.3640632482 3.97095728084 18.1824207911 29.581738083
 0.0 0.0 5.99348305017 31.5610231407 14.7365052579 29.581738083 29.188331954 31.5610231407 12.3640632482 3.97095728084 18.1824207911 29.581738083
 13.5020058915 13.5020058915 18.2871509035 34.3560573836 28.1998387128 29.1003115192 42.4330600188 34.3560573836 13.1193739154 16.8226511797 16.7399066762 29.1003115192
 18.1824207911 18.1824207911 17.5233884155 17.8123986929 27.403835376 12.551285678 38.1154400361 17.8123986929 5.82362374754 21.8677557261 0.0 12.551285678
 29.188331954 29.188331954 24.2210506379 37.58581514 14.7065493026 42.1854552152 0.0 37.58581514 34.642244021 26.8767559025 38.1154400361 42.1854552152
 3.97095728084 3.97095728084 6.69734273369 34.123910412 12.1745879883 32.8367175387 26.8767559025 34.123910412 16.0913802091 0.0 21.8677557261 32.8367175387
 29.581738083 29.581738083 27.2027035515 8.43041140435 35.1116133968 0.0 42.1854552152 8.43041140435 17.833262443 32.8367175387 12.551285678 0.0
 5.99348305017 5.99348305017 0.0 27.7136162195 10.681902135 27.2027035515 24.2210506379 27.7136162195 12.2769643265 6.69734273369 17.5233884155 27.2027035515
 29.188331954 29.188331954 24.2210506379 37.58581514 14.7065493026 42.1854552152 0.0 37.58581514 34.642244021 26.8767559025 38.1154400361 42.1854552152
 5.99348305017 5.99348305017 0.0 27.7136162195 10.681902135 27.2027035515 24.2210506379 27.7136162195 12.2769643265 6.69734273369 17.5233884155 27.2027035515
 14.7365052579 14.7365052579 10.681902135 33.3747008725 0.0 35.1116133968 14.7065493026 33.3747008725 22.6663574111 12.1745879883 27.403835376 35.1116133968
 29.188331954 29.188331954 24.2210506379 37.58581514 14.7065493026 42.1854552152 0.0 37.58581514 34.642244021 26.8767559025 38.1154400361 42.1854552152
 
 150
 
 0.8 
