 2  
 2  
 5  
 5  
 5  
 
 
 
0 1440 0 0 
0 1440 0 0 
0 1440 0 0 
0 1440 0 0 
940.976097621 998.774098777 57.7980011561 43.1188934177
804.102401671 874.622718052 70.5203163806 47.233371884
672.739197187 732.951583062 60.2123858745 43.1188934177
951.972595061 1019.47136887 67.4987738115 49.9144441613
615.746366717 682.880167411 67.1338006938 47.233371884
 
 
 
 0.0 3.62615310674 0.0 3.62615310674 34.4866831041 31.2676233931 8.98383594674 27.2136434088 34.4866831041
 3.62615310674 0.0 3.62615310674 0.0 32.9055517269 34.5405468949 10.285801626 27.4461247982 32.9055517269
 0.0 3.62615310674 0.0 3.62615310674 34.4866831041 31.2676233931 8.98383594674 27.2136434088 34.4866831041
 3.62615310674 0.0 3.62615310674 0.0 32.9055517269 34.5405468949 10.285801626 27.4461247982 32.9055517269
 8.98383594674 10.285801626 8.98383594674 10.285801626 43.1188934177 34.8767230186 0.0 18.4609751889 43.1188934177
 34.4866831041 32.9055517269 34.4866831041 32.9055517269 0.0 47.233371884 43.1188934177 59.7994031532 0.0
 34.4866831041 32.9055517269 34.4866831041 32.9055517269 0.0 47.233371884 43.1188934177 59.7994031532 0.0
 31.2676233931 34.5405468949 31.2676233931 34.5405468949 47.233371884 0.0 34.8767230186 49.9144441613 47.233371884
 31.2676233931 34.5405468949 31.2676233931 34.5405468949 47.233371884 0.0 34.8767230186 49.9144441613 47.233371884
 
 150
 
 0.8 
