 2  
 2  
 5  
 5  
 5  
 
 
 
0 1440 0 0 
0 1440 0 0 
0 1440 0 0 
0 1440 0 0 
687.173108507 739.303622075 52.1305135681 20.8761102178
436.053835821 471.944868968 35.8910331475 21.7979391949
775.674410746 839.862907312 64.1884965662 53.5205596389
860.267236668 883.81311554 23.5458788723 4.22744848352
1067.95451591 1116.46826106 48.513745154 21.7979391949
 
 
 
 0.0 21.8659914353 0.0 21.8659914353 22.6135807176 14.9505884893 24.1497755912 22.6135807176 20.4871342393
 21.8659914353 0.0 21.8659914353 0.0 20.0385388114 11.7082792531 36.8776927858 20.0385388114 15.8431927519
 0.0 21.8659914353 0.0 21.8659914353 22.6135807176 14.9505884893 24.1497755912 22.6135807176 20.4871342393
 21.8659914353 0.0 21.8659914353 0.0 20.0385388114 11.7082792531 36.8776927858 20.0385388114 15.8431927519
 24.1497755912 36.8776927858 24.1497755912 36.8776927858 20.8761102178 36.5020347592 0.0 20.8761102178 23.4136932657
 20.4871342393 15.8431927519 20.4871342393 15.8431927519 4.22744848352 21.7979391949 23.4136932657 4.22744848352 0.0
 39.3330458646 57.9567876815 39.3330458646 57.9567876815 61.4962306901 46.7275761782 53.5205596389 61.4962306901 59.7763049154
 20.4871342393 15.8431927519 20.4871342393 15.8431927519 4.22744848352 21.7979391949 23.4136932657 4.22744848352 0.0
 14.9505884893 11.7082792531 14.9505884893 11.7082792531 25.7294293579 0.0 36.5020347592 25.7294293579 21.7979391949
 
 150
 
 0.8 
