 2  
 2  
 5  
 5  
 5  
 
 
 
0 1440 0 0 
0 1440 0 0 
0 1440 0 0 
0 1440 0 0 
472.408308664 514.826229265 42.4179206004 17.1079924206
629.9598856 672.997558621 43.037673021 6.10487464399
1016.32402051 1069.66524254 53.3412220281 19.2675545964
447.530423407 482.972664647 35.4422412397 22.4050455509
821.716298861 873.066377699 51.3500788384 17.1079924206
 
 
 
 0.0 53.6841081201 0.0 53.6841081201 11.0286852176 21.8095676013 11.1781192589 21.8095676013 11.0286852176
 53.6841081201 0.0 53.6841081201 0.0 57.4193372129 67.2088145412 43.0511425473 67.2088145412 57.4193372129
 0.0 53.6841081201 0.0 53.6841081201 11.0286852176 21.8095676013 11.1781192589 21.8095676013 11.0286852176
 53.6841081201 0.0 53.6841081201 0.0 57.4193372129 67.2088145412 43.0511425473 67.2088145412 57.4193372129
 23.1605757704 46.6384057344 23.1605757704 46.6384057344 17.1079924206 22.4050455509 23.1592103052 22.4050455509 17.1079924206
 15.9064313659 62.0784681043 15.9064313659 62.0784681043 5.45127209781 6.10487464399 24.7155910199 6.10487464399 5.45127209781
 11.0286852176 57.4193372129 11.0286852176 57.4193372129 0.0 11.5477542426 19.2675545964 11.5477542426 0.0
 23.1605757704 46.6384057344 23.1605757704 46.6384057344 17.1079924206 22.4050455509 23.1592103052 22.4050455509 17.1079924206
 23.1605757704 46.6384057344 23.1605757704 46.6384057344 17.1079924206 22.4050455509 23.1592103052 22.4050455509 17.1079924206
 
 150
 
 0.8 
