 2  
 2  
 5  
 5  
 5  
 
 
 
0 1440 0 0 
0 1440 0 0 
0 1440 0 0 
0 1440 0 0 
514.45409512 567.704668014 53.2505728938 39.6813937839
787.119346905 845.635097202 58.5157502965 39.6813937839
492.338059416 558.129527184 65.7914677674 28.4153500215
484.649667879 536.37928465 51.729616771 30.0247988329
524.405773273 579.525720211 55.1199469372 41.8725342718
 
 
 
 0.0 9.85678008765 0.0 9.85678008765 38.9206440912 38.9206440912 34.298204243 9.02831386397 34.298204243
 9.85678008765 0.0 9.85678008765 0.0 29.0862329871 29.0862329871 25.6590009327 1.20094450627 25.6590009327
 0.0 9.85678008765 0.0 9.85678008765 38.9206440912 38.9206440912 34.298204243 9.02831386397 34.298204243
 9.85678008765 0.0 9.85678008765 0.0 29.0862329871 29.0862329871 25.6590009327 1.20094450627 25.6590009327
 56.3067957211 50.2660711416 56.3067957211 50.2660711416 39.6813937839 39.6813937839 28.4153500215 51.43821071 28.4153500215
 56.3067957211 50.2660711416 56.3067957211 50.2660711416 39.6813937839 39.6813937839 28.4153500215 51.43821071 28.4153500215
 56.3067957211 50.2660711416 56.3067957211 50.2660711416 39.6813937839 39.6813937839 28.4153500215 51.43821071 28.4153500215
 38.9206440912 29.0862329871 38.9206440912 29.0862329871 0.0 0.0 14.2074529268 30.0247988329 14.2074529268
 31.5802371009 35.1861477111 31.5802371009 35.1861477111 54.2121317907 54.2121317907 41.8725342718 35.5088034206 41.8725342718
 
 150
 
 0.8 
