 2  
 2  
 5  
 5  
 5  
 
 
 
0 1440 0 0 
0 1440 0 0 
0 1440 0 0 
0 1440 0 0 
456.762460422 499.307813858 42.5453534364 7.98955497476
956.91292862 1014.64278379 57.7298551728 44.8938384841
700.477259298 764.118999053 63.6417397541 36.9397388777
1065.88956355 1108.75429999 42.8647364475 22.470487183
971.246302013 1012.68251605 41.4362140407 23.4231758663
 
 
 
 0.0 26.1654971648 0.0 26.1654971648 39.9313520079 8.95010658074 8.95010658074 23.5561665406 39.9313520079
 26.1654971648 0.0 26.1654971648 0.0 44.3023715587 34.7203188529 34.7203188529 44.6542285709 44.3023715587
 0.0 26.1654971648 0.0 26.1654971648 39.9313520079 8.95010658074 8.95010658074 23.5561665406 39.9313520079
 26.1654971648 0.0 26.1654971648 0.0 44.3023715587 34.7203188529 34.7203188529 44.6542285709 44.3023715587
 32.2798464003 39.7268803064 32.2798464003 39.7268803064 7.98955497476 36.9397388777 36.9397388777 21.923213147 7.98955497476
 39.9313520079 44.3023715587 39.9313520079 44.3023715587 0.0 44.8938384841 44.8938384841 29.2092257044 0.0
 32.2798464003 39.7268803064 32.2798464003 39.7268803064 7.98955497476 36.9397388777 36.9397388777 21.923213147 7.98955497476
 8.95010658074 34.7203188529 8.95010658074 34.7203188529 44.8938384841 0.0 0.0 22.470487183 44.8938384841
 24.6083605384 42.6193514386 24.6083605384 42.6193514386 23.4231758663 25.5397291782 25.5397291782 5.80577273154 23.4231758663
 
 150
 
 0.8 
