 2  
 2  
 5  
 5  
 5  
 
 
 
0 1440 0 0 
0 1440 0 0 
0 1440 0 0 
0 1440 0 0 
766.936822096 837.758739396 70.8219172994 49.0543407619
683.554209774 761.3501947 77.795984926 57.2852085973
695.381507978 773.432136146 78.0506281676 43.8362712014
852.531418656 891.347946344 38.8165276881 26.821987009
793.315610674 815.544022485 22.2284118117 15.1154077282
 
 
 
 0.0 16.8954944732 0.0 16.8954944732 35.9313629522 25.5939827227 32.6323460462 28.6376301491 25.5939827227
 16.8954944732 0.0 16.8954944732 0.0 50.717881836 34.9156312988 25.4519151081 11.7483543034 34.9156312988
 0.0 16.8954944732 0.0 16.8954944732 35.9313629522 25.5939827227 32.6323460462 28.6376301491 25.5939827227
 16.8954944732 0.0 16.8954944732 0.0 50.717881836 34.9156312988 25.4519151081 11.7483543034 34.9156312988
 15.8363570304 20.0498479662 15.8363570304 20.0498479662 49.0543407619 15.1154077282 43.8362712014 28.7772188807 15.1154077282
 32.6323460462 25.4519151081 32.6323460462 25.4519151081 50.4687780127 57.2852085973 0.0 26.821987009 57.2852085973
 15.8363570304 20.0498479662 15.8363570304 20.0498479662 49.0543407619 15.1154077282 43.8362712014 28.7772188807 15.1154077282
 32.6323460462 25.4519151081 32.6323460462 25.4519151081 50.4687780127 57.2852085973 0.0 26.821987009 57.2852085973
 15.8363570304 20.0498479662 15.8363570304 20.0498479662 49.0543407619 15.1154077282 43.8362712014 28.7772188807 15.1154077282
 
 150
 
 0.8 
