 2  
 2  
 5  
 5  
 5  
 
 
 
0 1440 0 0 
0 1440 0 0 
0 1440 0 0 
0 1440 0 0 
1006.91787627 1052.13744977 45.219573497 25.0789109001
742.822511859 793.613872865 50.7913610061 31.0185110613
752.894882723 805.502522987 52.6076402638 38.6405505318
473.113155619 549.035575945 75.9224203258 59.0032192204
501.723189368 576.368580137 74.6453907692 38.6405505318
 
 
 
 0.0 51.2737634739 0.0 51.2737634739 22.6194264523 16.8475063084 45.1222121461 45.1222121461 16.8475063084
 51.2737634739 0.0 51.2737634739 0.0 56.8069141958 46.1309671619 7.90980323408 7.90980323408 46.1309671619
 0.0 51.2737634739 0.0 51.2737634739 22.6194264523 16.8475063084 45.1222121461 45.1222121461 16.8475063084
 51.2737634739 0.0 51.2737634739 0.0 56.8069141958 46.1309671619 7.90980323408 7.90980323408 46.1309671619
 14.081940061 65.3107539373 14.081940061 65.3107539373 25.0789109001 25.6652995178 59.0032192204 59.0032192204 25.6652995178
 14.5049040934 62.2008897172 14.5049040934 62.2008897172 34.327531837 31.0185110613 56.966087958 56.966087958 31.0185110613
 16.8475063084 46.1309671619 16.8475063084 46.1309671619 11.3950045808 0.0 38.6405505318 38.6405505318 0.0
 14.081940061 65.3107539373 14.081940061 65.3107539373 25.0789109001 25.6652995178 59.0032192204 59.0032192204 25.6652995178
 45.1222121461 7.90980323408 45.1222121461 7.90980323408 49.1190734615 38.6405505318 0.0 0.0 38.6405505318
 
 150
 
 0.8 
