 2  
 2  
 5  
 5  
 5  
 
 
 
0 1440 0 0 
0 1440 0 0 
0 1440 0 0 
0 1440 0 0 
630.848771624 691.34804172 60.4992700958 43.3239284627
815.370318268 895.808508098 80.4381898296 41.2436163592
889.665757007 910.748236983 21.082479976 13.6676849157
555.948980262 632.408901066 76.4599208038 43.3239284627
635.972402409 716.868154476 80.8957520667 41.2436163592
 
 
 
 0.0 21.3007414703 0.0 21.3007414703 15.9272695581 16.9280081848 18.1114616383 46.6027088641 46.6027088641
 21.3007414703 0.0 21.3007414703 0.0 28.4728251407 27.6113202555 37.6576461601 30.2304978777 30.2304978777
 0.0 21.3007414703 0.0 21.3007414703 15.9272695581 16.9280081848 18.1114616383 46.6027088641 46.6027088641
 21.3007414703 0.0 21.3007414703 0.0 28.4728251407 27.6113202555 37.6576461601 30.2304978777 30.2304978777
 46.6027088641 30.2304978777 46.6027088641 30.2304978777 43.3239284627 41.2436163592 56.7139467173 0.0 0.0
 46.6027088641 30.2304978777 46.6027088641 30.2304978777 43.3239284627 41.2436163592 56.7139467173 0.0 0.0
 15.9272695581 28.4728251407 15.9272695581 28.4728251407 0.0 2.24084711217 13.6676849157 43.3239284627 43.3239284627
 15.9272695581 28.4728251407 15.9272695581 28.4728251407 0.0 2.24084711217 13.6676849157 43.3239284627 43.3239284627
 16.9280081848 27.6113202555 16.9280081848 27.6113202555 2.24084711217 0.0 15.8897745688 41.2436163592 41.2436163592
 
 150
 
 0.8 
