 2  
 2  
 5  
 5  
 5  
 
 
 
0 1440 0 0 
0 1440 0 0 
0 1440 0 0 
0 1440 0 0 
566.708099187 616.41249408 49.7043948939 38.2136491027
976.116269628 1010.34818734 34.2319177077 15.8238911648
562.842506742 611.796213171 48.9537064288 28.2004497132
1022.03325542 1065.35370066 43.3204452396 15.8238911648
460.16505552 528.778006304 68.6129507836 54.683763739
 
 
 
 0.0 36.1567405994 0.0 36.1567405994 14.6722092239 14.6722092239 14.6722092239 29.5823661572 44.282051075
 36.1567405994 0.0 36.1567405994 0.0 35.8997846035 35.8997846035 35.8997846035 34.6389020679 22.7013804516
 0.0 36.1567405994 0.0 36.1567405994 14.6722092239 14.6722092239 14.6722092239 29.5823661572 44.282051075
 36.1567405994 0.0 36.1567405994 0.0 35.8997846035 35.8997846035 35.8997846035 34.6389020679 22.7013804516
 40.6321123708 6.56100464835 40.6321123708 6.56100464835 38.2136491027 38.2136491027 38.2136491027 34.1141796864 27.787601971
 29.5823661572 34.6389020679 29.5823661572 34.6389020679 15.8238911648 15.8238911648 15.8238911648 0.0 54.683763739
 14.2374641946 46.3275514587 14.2374641946 46.3275514587 28.2004497132 28.2004497132 28.2004497132 43.6484852035 48.2395402755
 14.6722092239 35.8997846035 14.6722092239 35.8997846035 0.0 0.0 0.0 15.8238911648 50.7691008177
 29.5823661572 34.6389020679 29.5823661572 34.6389020679 15.8238911648 15.8238911648 15.8238911648 0.0 54.683763739
 
 150
 
 0.8 
