 2  
 2  
 5  
 5  
 5  
 
 
 
0 1440 0 0 
0 1440 0 0 
0 1440 0 0 
0 1440 0 0 
736.433476449 784.997035617 48.5635591682 12.5845413036
468.203051337 523.137426949 54.9343756126 22.835213703
444.43607583 507.805572544 63.3694967144 25.2529989395
477.403841969 511.130481769 33.7266397999 20.568664171
447.481773422 472.215137312 24.7333638901 9.35911768192
 
 
 
 0.0 10.597763433 0.0 10.597763433 14.6296669543 11.3873895424 14.6296669543 29.1660334706 17.0063023964
 10.597763433 0.0 10.597763433 0.0 4.64421183638 21.7312931417 4.64421183638 24.1095460696 17.8723920494
 0.0 10.597763433 0.0 10.597763433 14.6296669543 11.3873895424 14.6296669543 29.1660334706 17.0063023964
 10.597763433 0.0 10.597763433 0.0 4.64421183638 21.7312931417 4.64421183638 24.1095460696 17.8723920494
 12.1025018101 8.72064244293 12.1025018101 8.72064244293 12.5845413036 22.835213703 12.5845413036 32.8077015304 9.35911768192
 12.1025018101 8.72064244293 12.1025018101 8.72064244293 12.5845413036 22.835213703 12.5845413036 32.8077015304 9.35911768192
 11.3873895424 21.7312931417 11.3873895424 21.7312931417 25.2529989395 0.0 25.2529989395 34.8567603436 24.8212769808
 14.6296669543 4.64421183638 14.6296669543 4.64421183638 0.0 25.2529989395 0.0 20.568664171 21.9349969093
 12.1025018101 8.72064244293 12.1025018101 8.72064244293 12.5845413036 22.835213703 12.5845413036 32.8077015304 9.35911768192
 
 150
 
 0.8 
