 2  
 2  
 5  
 5  
 5  
 
 
 
0 1440 0 0 
0 1440 0 0 
0 1440 0 0 
0 1440 0 0 
780.674266203 835.351799334 54.6775331316 34.2186801068
598.799027408 659.623489828 60.8244624196 20.9512643225
516.572992443 562.434828677 45.8618362334 20.9512643225
526.574917754 567.62897169 41.0540539357 34.2186801068
420.29327259 455.681226013 35.3879534236 20.3443457727
 
 
 
 0.0 46.1716519609 0.0 46.1716519609 43.1187404655 40.4309546361 40.4309546361 16.1444615371 43.1187404655
 46.1716519609 0.0 46.1716519609 0.0 36.9794447409 22.9218589001 22.9218589001 30.0387926801 36.9794447409
 0.0 46.1716519609 0.0 46.1716519609 43.1187404655 40.4309546361 40.4309546361 16.1444615371 43.1187404655
 46.1716519609 0.0 46.1716519609 0.0 36.9794447409 22.9218589001 22.9218589001 30.0387926801 36.9794447409
 16.1444615371 30.0387926801 16.1444615371 30.0387926801 34.2186801068 27.2533413751 27.2533413751 0.0 34.2186801068
 39.5939755368 6.59142715972 39.5939755368 6.59142715972 34.6810045685 20.9512643225 20.9512643225 23.471889927 34.6810045685
 39.5939755368 6.59142715972 39.5939755368 6.59142715972 34.6810045685 20.9512643225 20.9512643225 23.471889927 34.6810045685
 43.1187404655 36.9794447409 43.1187404655 36.9794447409 0.0 14.0578974846 14.0578974846 34.2186801068 0.0
 25.8051785724 27.2296087155 25.8051785724 27.2296087155 20.3443457727 14.6295923698 14.6295923698 13.9646836638 20.3443457727
 
 150
 
 0.8 
