 2  
 2  
 5  
 5  
 5  
 
 
 
0 1440 0 0 
0 1440 0 0 
0 1440 0 0 
0 1440 0 0 
914.394891679 975.360349707 60.9654580282 29.5849867724
676.983899818 713.537754045 36.5538542269 14.8087629461
767.315082278 813.278992446 45.9639101681 9.14048967688
1050.72010736 1085.32215137 34.6020440125 20.2878021279
1008.70691118 1078.53108971 69.8241785308 30.1866907589
 
 
 
 0.0 33.6825427708 0.0 33.6825427708 55.7714058189 59.6237902473 56.3012385048 46.589854921 55.7714058189
 33.6825427708 0.0 33.6825427708 0.0 32.6303390588 26.5961000949 22.6295895231 12.9076907148 32.6303390588
 0.0 33.6825427708 0.0 33.6825427708 55.7714058189 59.6237902473 56.3012385048 46.589854921 55.7714058189
 33.6825427708 0.0 33.6825427708 0.0 32.6303390588 26.5961000949 22.6295895231 12.9076907148 32.6303390588
 46.589854921 12.9076907148 46.589854921 12.9076907148 29.5849867724 14.8087629461 9.73642942307 0.0 29.5849867724
 46.589854921 12.9076907148 46.589854921 12.9076907148 29.5849867724 14.8087629461 9.73642942307 0.0 29.5849867724
 59.6237902473 26.5961000949 59.6237902473 26.5961000949 39.326965208 0.0 9.14048967688 14.8087629461 39.326965208
 51.0412062697 24.1073382051 51.0412062697 24.1073382051 49.8651683879 17.4009184333 23.080933085 20.2878021279 49.8651683879
 56.3012385048 22.6295895231 56.3012385048 22.6295895231 30.1866907589 9.14048967688 0.0 9.73642942307 30.1866907589
 
 150
 
 0.8 
