 2  
 2  
 5  
 5  
 5  
 
 
 
0 1440 0 0 
0 1440 0 0 
0 1440 0 0 
0 1440 0 0 
987.854731677 1053.8254951 65.9707634234 54.9952079199
559.26688304 627.432609974 68.1657269346 43.0442078096
1040.0506402 1080.71790943 40.6672692258 18.0071064563
1078.31138922 1157.45555777 79.1441685492 43.0442078096
559.035132839 610.811445646 51.7763128073 28.3835407582
 
 
 
 0.0 51.2845479871 0.0 51.2845479871 36.6069143866 32.2346773994 54.0826330789 25.9194376718 25.9194376718
 51.2845479871 0.0 51.2845479871 0.0 28.8675819836 51.7361207473 25.4089493318 29.0336517656 29.0336517656
 0.0 51.2845479871 0.0 51.2845479871 36.6069143866 32.2346773994 54.0826330789 25.9194376718 25.9194376718
 51.2845479871 0.0 51.2845479871 0.0 28.8675819836 51.7361207473 25.4089493318 29.0336517656 29.0336517656
 32.2346773994 51.7361207473 32.2346773994 51.7361207473 54.9952079199 0.0 67.719763616 43.0442078096 43.0442078096
 25.9194376718 29.0336517656 25.9194376718 29.0336517656 12.2094898484 43.0442078096 28.3835407582 0.0 0.0
 36.6069143866 28.8675819836 36.6069143866 28.8675819836 0.0 54.9952079199 18.0071064563 12.2094898484 12.2094898484
 32.2346773994 51.7361207473 32.2346773994 51.7361207473 54.9952079199 0.0 67.719763616 43.0442078096 43.0442078096
 54.0826330789 25.4089493318 54.0826330789 25.4089493318 18.0071064563 67.719763616 0.0 28.3835407582 28.3835407582
 
 150
 
 0.8 
