 2  
 2  
 5  
 5  
 5  
 
 
 
0 1440 0 0 
0 1440 0 0 
0 1440 0 0 
0 1440 0 0 
480.248792328 526.747438424 46.4986460958 21.7613265492
760.154462769 801.763566752 41.6091039832 21.7613265492
566.696009451 603.006158516 36.3101490652 16.3500095198
490.775586313 538.165895564 47.3903092512 21.7613265492
576.480099583 629.22807406 52.7479744769 14.3884806183
 
 
 
 0.0 21.8479138041 0.0 21.8479138041 57.3784132605 49.5773391592 35.9860738698 57.3784132605 35.9860738698
 21.8479138041 0.0 21.8479138041 0.0 44.7743025483 30.7504349628 20.1640330349 44.7743025483 20.1640330349
 0.0 21.8479138041 0.0 21.8479138041 57.3784132605 49.5773391592 35.9860738698 57.3784132605 35.9860738698
 21.8479138041 0.0 21.8479138041 0.0 44.7743025483 30.7504349628 20.1640330349 44.7743025483 20.1640330349
 49.5773391592 30.7504349628 49.5773391592 30.7504349628 21.7613265492 0.0 14.3884806183 21.7613265492 14.3884806183
 57.3784132605 44.7743025483 57.3784132605 44.7743025483 0.0 21.7613265492 24.6727663074 0.0 24.6727663074
 21.2108953415 5.71161139794 21.2108953415 5.71161139794 40.4531356087 28.7382913467 16.3500095198 40.4531356087 16.3500095198
 49.5773391592 30.7504349628 49.5773391592 30.7504349628 21.7613265492 0.0 14.3884806183 21.7613265492 14.3884806183
 49.5773391592 30.7504349628 49.5773391592 30.7504349628 21.7613265492 0.0 14.3884806183 21.7613265492 14.3884806183
 
 150
 
 0.8 
