 2  
 2  
 5  
 5  
 5  
 
 
 
0 1440 0 0 
0 1440 0 0 
0 1440 0 0 
0 1440 0 0 
976.863437155 1055.97281439 79.1093772364 47.4231047307
687.839034882 763.439019231 75.5999843496 52.0770111949
902.670595624 956.104298212 53.4337025882 19.1753304728
1005.72725159 1032.22306315 26.4958115584 17.4855925668
1027.39599713 1077.37942246 49.9834253343 35.0462356443
 
 
 
 0.0 23.405248168 0.0 23.405248168 56.465398055 14.1812507345 55.212761564 26.2322501099 26.2322501099
 23.405248168 0.0 23.405248168 0.0 37.9612103713 28.3453300975 32.4194739827 23.5747836632 23.5747836632
 0.0 23.405248168 0.0 23.405248168 56.465398055 14.1812507345 55.212761564 26.2322501099 26.2322501099
 23.405248168 0.0 23.405248168 0.0 37.9612103713 28.3453300975 32.4194739827 23.5747836632 23.5747836632
 19.1898273095 28.2970759463 19.1898273095 28.2970759463 47.4231047307 6.09566426616 52.760467696 12.3891698686 12.3891698686
 56.465398055 37.9612103713 56.465398055 37.9612103713 0.0 52.0770111949 19.1753304728 35.0462356443 35.0462356443
 56.465398055 37.9612103713 56.465398055 37.9612103713 0.0 52.0770111949 19.1753304728 35.0462356443 35.0462356443
 14.1812507345 28.3453300975 14.1812507345 28.3453300975 52.0770111949 0.0 55.7236544038 17.4855925668 17.4855925668
 56.465398055 37.9612103713 56.465398055 37.9612103713 0.0 52.0770111949 19.1753304728 35.0462356443 35.0462356443
 
 150
 
 0.8 
