 2  
 2  
 5  
 5  
 5  
 
 
 
0 1440 0 0 
0 1440 0 0 
0 1440 0 0 
0 1440 0 0 
441.275880546 478.335280846 37.0594003006 22.1183550968
730.773719498 777.692636345 46.9189168477 22.1183550968
611.287068918 651.205145518 39.9180766 24.6816362315
668.691487127 729.989915761 61.2984286341 24.6816362315
636.068817946 677.893680373 41.8248624275 24.6816362315
 
 
 
 0.0 57.1880889929 0.0 57.1880889929 30.5999979638 30.5999979638 31.2758878703 9.27297790024 31.2758878703
 57.1880889929 0.0 57.1880889929 0.0 30.7622943692 30.7622943692 36.3414462881 47.9331231994 36.3414462881
 0.0 57.1880889929 0.0 57.1880889929 30.5999979638 30.5999979638 31.2758878703 9.27297790024 31.2758878703
 57.1880889929 0.0 57.1880889929 0.0 30.7622943692 30.7622943692 36.3414462881 47.9331231994 36.3414462881
 10.9476834679 46.4831000682 10.9476834679 46.4831000682 22.1183550968 22.1183550968 21.7565412845 2.99393402201 21.7565412845
 10.9476834679 46.4831000682 10.9476834679 46.4831000682 22.1183550968 22.1183550968 21.7565412845 2.99393402201 21.7565412845
 9.27297790024 47.9331231994 9.27297790024 47.9331231994 21.9716759473 21.9716759473 24.6816362315 0.0 24.6816362315
 31.2758878703 36.3414462881 31.2758878703 36.3414462881 29.2356751475 29.2356751475 0.0 24.6816362315 0.0
 9.27297790024 47.9331231994 9.27297790024 47.9331231994 21.9716759473 21.9716759473 24.6816362315 0.0 24.6816362315
 
 150
 
 0.8 
