 2  
 2  
 5  
 5  
 5  
 
 
 
0 1440 0 0 
0 1440 0 0 
0 1440 0 0 
0 1440 0 0 
449.854404668 523.940101052 74.085696384 40.3581701725
772.143717565 792.510747007 20.3670294422 10.099734108
915.962976943 985.926559835 69.9635828928 37.1772674005
461.79104085 529.919686131 68.1286452802 40.3581701725
1051.56325239 1127.4999236 75.9366712137 49.0249892537
 
 
 
 0.0 38.9401142389 0.0 38.9401142389 24.4095221114 24.4095221114 24.4095221114 34.4235456233 35.3744262625
 38.9401142389 0.0 38.9401142389 0.0 37.8266265862 37.8266265862 37.8266265862 11.0377089713 25.5116372968
 0.0 38.9401142389 0.0 38.9401142389 24.4095221114 24.4095221114 24.4095221114 34.4235456233 35.3744262625
 38.9401142389 0.0 38.9401142389 0.0 37.8266265862 37.8266265862 37.8266265862 11.0377089713 25.5116372968
 34.4235456233 11.0377089713 34.4235456233 11.0377089713 40.3581701725 40.3581701725 40.3581701725 0.0 14.5303220084
 14.4919401342 37.8256473348 14.4919401342 37.8256473348 10.099734108 10.099734108 10.099734108 37.4960742359 43.4550684355
 21.5276961006 25.9781569819 21.5276961006 25.9781569819 37.1772674005 37.1772674005 37.1772674005 16.8806877093 13.8534942332
 24.4095221114 37.8266265862 24.4095221114 37.8266265862 0.0 0.0 0.0 40.3581701725 49.0249892537
 24.4095221114 37.8266265862 24.4095221114 37.8266265862 0.0 0.0 0.0 40.3581701725 49.0249892537
 
 150
 
 0.8 
