 2  
 2  
 5  
 5  
 5  
 
 
 
0 1440 0 0 
0 1440 0 0 
0 1440 0 0 
0 1440 0 0 
955.270945582 1022.7349811 67.4640355216 37.8121216943
494.943804458 530.625838778 35.6820343201 22.3818052891
842.548764551 881.807890251 39.2591257007 27.1518433808
535.520302663 580.584308172 45.064005509 22.3818052891
1064.0666121 1092.51924124 28.4526291451 22.3818052891
 
 
 
 0.0 46.1104561395 0.0 46.1104561395 15.6110428315 15.6110428315 34.6155369617 23.0709634423 15.6110428315
 46.1104561395 0.0 46.1104561395 0.0 41.7577648649 41.7577648649 20.8428647473 23.1175783797 41.7577648649
 0.0 46.1104561395 0.0 46.1104561395 15.6110428315 15.6110428315 34.6155369617 23.0709634423 15.6110428315
 46.1104561395 0.0 46.1104561395 0.0 41.7577648649 41.7577648649 20.8428647473 23.1175783797 41.7577648649
 34.6155369617 20.8428647473 34.6155369617 20.8428647473 37.8121216943 37.8121216943 0.0 15.7322196971 37.8121216943
 23.0709634423 23.1175783797 23.0709634423 23.1175783797 22.3818052891 22.3818052891 15.7322196971 0.0 22.3818052891
 50.0573966513 6.38324790229 50.0573966513 6.38324790229 43.8934388463 43.8934388463 27.1518433808 27.5456853884 43.8934388463
 15.6110428315 41.7577648649 15.6110428315 41.7577648649 0.0 0.0 37.8121216943 22.3818052891 0.0
 23.0709634423 23.1175783797 23.0709634423 23.1175783797 22.3818052891 22.3818052891 15.7322196971 0.0 22.3818052891
 
 150
 
 0.8 
