 2  
 2  
 5  
 5  
 5  
 
 
 
0 1440 0 0 
0 1440 0 0 
0 1440 0 0 
0 1440 0 0 
882.837506522 966.209441038 83.3719345163 48.0597050429
888.563005884 964.421691639 75.858685755 48.0597050429
887.648906741 968.321170775 80.6722640346 46.7162021576
845.399427923 927.614741157 82.2153132335 48.0597050429
976.835080711 1045.48278675 68.6477060383 48.7805933163
 
 
 
 0.0 62.822009721 0.0 62.822009721 52.9792270858 52.9792270858 43.6215978195 36.1261840498 36.1261840498
 62.822009721 0.0 62.822009721 0.0 38.2947012579 38.2947012579 27.0885207387 33.4856175831 33.4856175831
 0.0 62.822009721 0.0 62.822009721 52.9792270858 52.9792270858 43.6215978195 36.1261840498 36.1261840498
 62.822009721 0.0 62.822009721 0.0 38.2947012579 38.2947012579 27.0885207387 33.4856175831 33.4856175831
 36.1261840498 33.4856175831 36.1261840498 33.4856175831 48.0597050429 48.0597050429 7.87055428006 0.0 0.0
 36.1261840498 33.4856175831 36.1261840498 33.4856175831 48.0597050429 48.0597050429 7.87055428006 0.0 0.0
 60.7741115687 30.8908652032 60.7741115687 30.8908652032 11.4885501092 11.4885501092 46.7162021576 48.7805933163 48.7805933163
 52.9792270858 38.2947012579 52.9792270858 38.2947012579 0.0 0.0 47.8647447619 48.0597050429 48.0597050429
 60.7741115687 30.8908652032 60.7741115687 30.8908652032 11.4885501092 11.4885501092 46.7162021576 48.7805933163 48.7805933163
 
 150
 
 0.8 
