 2  
 2  
 5  
 5  
 5  
 
 
 
0 1440 0 0 
0 1440 0 0 
0 1440 0 0 
0 1440 0 0 
441.022083456 548.311219052 107.289135596 71.7147027132
539.841112815 613.05893573 73.2178229156 42.7594628446
881.414379588 942.079601877 60.6652222892 41.6627212699
496.166694065 545.522544998 49.3558509327 42.7594628446
601.566466711 675.716001369 74.1495346572 40.8334711573
 
 
 
 0.0 17.7358774297 0.0 17.7358774297 25.558635956 51.2432738287 13.6511761737 45.9049794282 48.2198820457
 17.7358774297 0.0 17.7358774297 0.0 34.2670588401 37.4478074049 21.0695779357 29.8080608062 34.7448684397
 0.0 17.7358774297 0.0 17.7358774297 25.558635956 51.2432738287 13.6511761737 45.9049794282 48.2198820457
 17.7358774297 0.0 17.7358774297 0.0 34.2670588401 37.4478074049 21.0695779357 29.8080608062 34.7448684397
 51.2432738287 37.4478074049 51.2432738287 37.4478074049 71.7147027132 0.0 58.4231940398 42.7594628446 53.7381674717
 45.9049794282 29.8080608062 45.9049794282 29.8080608062 49.944936383 42.7594628446 41.6627212699 0.0 11.2608376324
 45.9049794282 29.8080608062 45.9049794282 29.8080608062 49.944936383 42.7594628446 41.6627212699 0.0 11.2608376324
 51.2432738287 37.4478074049 51.2432738287 37.4478074049 71.7147027132 0.0 58.4231940398 42.7594628446 53.7381674717
 13.6511761737 21.0695779357 13.6511761737 21.0695779357 13.5476075759 58.4231940398 0.0 41.6627212699 40.8334711573
 
 150
 
 0.8 
